1600549
27218911
10912974
32621078
15775195
8161105
24472005
29558836
9603823
23262840
9562852
6472186
33754221
16123367
21614034
7053822
19483516
3521713
5152646
21485050
7863810
18843688
3497813
6704221
26667032
26305213
11904665
11650505
17968260
6542908
25344771
24252170
1815313
29932658
19087010
12228075
13029144
4293437
29674913
17353191
1928309
10954227
3915322
24994820
29910069
32413304
18639859
26328005
10773813
2450885
28748892
29581331
26727749
2129629
25884753
14027046
30886682
19685631
207634
18550488
29801915
348608
10643126
22911636
15205340
27755282
33593009
25490875
2057440
25629918
20543805
12592431
16008309
21734480
17276969
13173335
23554459
8376038
363014
5156312
18518226
5469387
10669019
25599056
8036701
33717560
16084731
22705967
32229673
1809853
29396712
11763746
27280309
26063978
8399756
25998209
14504692
24850369
17489620
19996429
28468282
14397097
3163481
16217455
3886906
5995789
9129537
369170
25028126
25017568
26257356
19385567
3821748
11501806
17553366
15911615
12198323
19788624
3116711
2675744
10983248
17859731
33474734
1149499
21644057
2716040
28216187
2321445
25183005
29955552
17457475
1757324
33308017
13680756
5731721
24760999
14908158
13599138
5669863
30114369
13092409
33364377
6437954
10637674
5363079
9688769
11184795
14162360
12601000
20517683
12393912
12459258
14178105
16081036
8264554
32887591
4585728
1391282
18006484
29883536
13280958
2816065
21921074
8420719
5684523
26863134
1037576
12013156
21807612
22837706
31671455
25814936
18288645
4994810
10794658
24556341
13358449
31628909
31562532
30154595
19010678
22328238
8973609
14149592
20073935
2553680
22077522
33576322
1232369
30124679
23048462
24904739
6620113
13379267
29360809
23947999
4619636
1022824
8988557
22623323
14870759
4051921
8658738
9639176
25125103
24359659
21621072
24310512
14151451
27161818
6816443
25710737
25682782
20353826
26911340
23282678
1131375
27760322
7238386
32835230
403374
19252631
29451344
29955284
12668401
18611271
16821313
3349553
6397136
26543410
28239295
18777435
4616855
4267277
8257764
103414
25097926
8930215
6950636
26984140
32506839
31325170
665995
4924240
31111519
20881529
15054705
9358849
33603791
4641983
28523804
12912277
12868440
6091455
2430992
22458120
23438869
3249351
16533448
16595659
4397453
8451857
25862630
12734030
15230061
22957149
25616897
1888142
10787978
713109
3432072
22282784
6298934
16554578
16551303
721370
19909997
16929795
15183738
2135750
18573531
15221551
24064462
21709907
10459245
2374138
33006847
17940754
3982095
9886619
29920648
32604531
13894455
4192618
29085298
8735659
25073678
25429676
8146390
3331594
20407454
25769594
14379291
12626312
4397144
31407477
32007232
7536551
25204212
18127613
19257338
11434447
26274822
22783565
33134676
11198987
2210589
9709335
19156966
2988854
2195638
1000901
2136761
26318087
4513707
1994295
13481684
20021120
485187
33774659
18434346
12252417
6446275
14088316
5202053
424834
15495600
18733908
15019071
29904642
7615002
31558146
14961145
5624131
3178496
8725260
21982111
4671129
4323024
24992203
20299685
11958420
2249415
13856297
9868954
182554
1834927
19718053
22149305
22837023
1148331
9416491
652687
24351364
4380329
16682874
7813315
19388432
3394812
13719731
19402648
12927406
31267714
15933930
1463402
1987561
27009070
9656306
7159501
7599725
8168516
20582856
1663807
26933698
13141242
5815799
16887994
3223357
12514035
23128862
15409891
818094
13126013
27887490
2377853
29007943
16471619
14190689
2236468
33291077
7783503
21580802
22464643
14019309
13642328
31775403
8088092
11485933
17554510
1420741
28572624
11989293
18087954
15510800
21464446
31827451
30205352
27503615
30029750
11435434
19399297
25752617
457537
13673850
3084642
632393
12049719
18446290
26923923
12841045
809982
32367487
22265830
32048482
21485804
25246669
6627417
16239684
26604565
33340672
23011957
17382654
23688531
33279289
26984583
11887944
31773566
27058052
4065205
7415677
8328460
964503
11040323
15672101
28476861
10291924
23061670
29304571
31375807
19238230
9406328
28585127
19885660
6106276
33172103
568301
12745033
5989599
7767021
13037482
30469412
25819243
15064837
14414759
28511401
26141241
30963227
18738275
4798992
1975404
24069714
7017109
6261130
33694765
13281557
10602627
1229216
30456891
23229510
24333963
24008310
19772751
4412979
716150
22676000
17802626
16663167
2924782
11815380
61809
25742683
24462763
8443306
10521620
15194937
29129844
25563594
9328762
16347442
10836560
32655856
32775161
512876
16211276
10402186
340859
17062872
24898415
25772969
2057022
25515683
4309462
24512140
22279787
28318325
28112502
11906552
18717620
9225753
17891735
15408908
22722863
32497796
12901479
6482235
990521
8453987
13163014
22655130
21642398
18451502
14506671
13225
1044034
9796973
240587
32541351
29357704
151320
32250003
20071409
15869466
7760285
29177556
32877389
16072369
21299037
18255301
23029073
10663526
18014027
16388806
20999974
2735462
23095387
2637856
25209586
32089111
10234647
23545367
1285092
24230696
5950686
5077769
9702765
19804042
16569805
30006054
18945586
30337088
9418019
22101005
33299066
6350489
12564810
13984522
6409091
30662409
29663953
30742550
25477793
25644915
24521860
25881104
30613666
29401235
21007527
25712604
22126600
30174860
5707025
28486632
1962327
28741160
28818032
12304995
25489646
32503833
1221332
2338900
17297162
23076745
13144488
6418900
27007228
17962393
30834768
10349586
18252497
8351088
25636533
30070061
30102340
5722625
3575769
26892833
22281665
4475433
24991202
17818453
3121945
9987174
22506841
23681984
15121956
18563784
9052756
17090726
28282540
33386832
5906316
19128864
2635779
15673020
21264834
7660185
29127875
2238340
3455011
32394980
11092979
1811853
14005609
5585803
4469677
30805704
27113215
32781305
30356245
15442498
24045300
5346181
16037552
15391777
2186123
30165667
2597481
7626205
1525753
14491445
16280793
29649013
1817932
11107484
33230054
10872196
19418387
28231243
29590413
1551030
20614006
24215294
6537509
19023862
2117249
12206688
8029498
19712023
9757331
19841587
10821414
5843813
32890715
18562506
21516643
19299655
29430499
2615330
2914578
5233495
20444171
18171391
7160070
26528263
28705055
20894881
22983775
20769412
2455442
19827292
19696773
4134513
2131393
31360118
282290
10990507
25818659
12745589
29016937
19979125
4449400
1970970
19340482
15757817
9703311
16307443
28007512
31552363
2219394
1562926
4277184
12113581
33105519
28241035
15877004
20153264
17941042
26804630
32384716
27446590
14818592
18425195
2761634
17038091
25808459
13299128
15308489
8662473
9177296
8207503
15425611
23180156
2581357
28309947
14486574
7999478
19167408
28012172
29138082
23724634
2164456
19087218
5601439
31821099
31015514
28965828
3309380
9027923
21080531
25754495
16751344
15763613
14792800
10335779
20552385
6700648
29322462
12573967
15036407
24922514
18389734
19260636
32544814
29297691
19518694
19523415
12292933
20205183
10839440
5608415
25877190
28426663
1554696
33216615
16370933
27080813
3765957
4006152
11140730
16450701
1845932
4154368
193319
7654001
7467757
25721968
33027517
12591382
22604503
10636731
20123245
26552349
7321689
24507367
16495751
18240198
16591144
10320326
32979416
4731908
16787236
23805742
2738677
22332418
11745653
26123767
28543008
21284419
6065593
6294246
32428610
4735256
29502329
13164966
17373470
21233561
10919474
2380568
13500135
2758219
4655079
15625063
21268303
10856537
31424107
26406276
14342251
19939093
3586596
25497704
17079394
10694898
4604328
25841125
31577381
13484311
28957301
26500806
9993138
18815502
16579987
22105360
27055901
6793680
19034034
9710748
32633576
24754235
8821012
22758371
18883038
26611721
2140568
25478398
6272801
25298478
16111913
10231007
7154495
24980628
26055552
12380806
5692309
24263560
27472572
17787970
28013803
20097495
6480669
5091762
31254315
33612912
31949019
32294079
18484136
21139296
31815160
6173136
31614745
483960
19210572
7676513
2598435
25795600
29397075
12395104
18382799
17770998
1795715
10393116
18604124
31475180
20543372
6884196
31915790
4955754
23239542
3966926
20222243
26972502
25139100
32083471
14508175
5361042
2466983
25212678
29290550
16143584
21416479
18412437
2646418
26332757
27378855
27804095
31295612
22601883
18819903
31219021
9784325
21353381
28834418
16772824
32259059
15728125
13561600
6366469
5744912
16942368
22689715
17520187
12644263
9475614
3375940
17827106
11655039
546635
33742941
22616043
16356692
27545810
3962513
27452879
19819131
16042809
20124312
16846058
2251219
16205098
26622470
338317
21890611
6684624
31435683
21724339
17399019
21572118
31401746
29574104
29905951
28995480
1115998
11635030
27601775
26661572
9161068
2753780
25335585
16378460
11008878
6277128
32948644
7202076
20746820
15673604
14683323
7114707
251412
4770150
26025966
27258336
