18067683
12354438
2662154
3231867
2691896
12145579
7128786
16345239
2790143
5546937
10275674
1150073
2347969
16789537
4512632
12194477
1819082
17538291
6128869
1273317
17469720
1854878
16605088
4459443
7061620
2229194
15145273
16767227
2692491
9919830
6386519
6589297
12644103
732130
5817499
1102162
10365994
15793115
727714
16236543
6824321
11724507
15482880
2812138
16694288
7112941
6779949
7677362
17363619
1289994
5723425
21662
15702222
10924302
16724864
1275020
4516406
8339902
5100219
6263198
10304662
8913730
15651127
11767045
11885883
724800
10457688
3430846
8630122
7507348
10038234
266597
15265486
5547261
8910389
15362452
9683408
11208024
3538553
16823610
10274178
17905540
10497389
15005414
6465744
701485
1071413
17573333
6675971
8293999
8070445
6419812
10686770
2212089
7123636
9540048
9586821
3438353
10575782
5928090
9600445
3600559
13919682
14391683
5968743
1633419
8825897
17376136
2476567
10756448
11778563
7243341
7243955
17877708
12896354
13806506
17037575
8357624
12607127
1683755
3132701
17949297
16157909
5878770
14568053
18109199
1750414
7516442
5942680
9271877
1236790
11091324
11928089
1353179
3647727
14899639
5066387
5156324
11833177
10344890
1619483
16409061
14014224
15430552
1021891
14367481
4502932
13212342
5382838
10851240
3814960
15114307
15756600
5562684
16686933
11982057
9078436
11972734
17322335
9477761
17155092
17343966
11885729
13166031
1697768
8549594
12617718
6377309
1335106
4636645
17611251
6610575
10377361
7618948
1634974
13200686
11228761
13682600
14250087
714184
3838504
8832471
11253490
6369257
15933783
9587787
6186906
2816026
11344990
7402695
5667378
4235726
2474259
3290443
6296310
17828480
10282170
7261076
10814680
10063474
6073578
4121529
17165980
3604402
7342028
9285332
17879483
5180498
3989098
2238247
14859667
12736422
1678979
1730763
4897431
230990
5681131
3465064
9305797
9455765
14192694
3938821
15652981
6148723
16565304
1673067
14541440
2120382
1792897
15224806
5675834
12895124
7985086
11974168
3195653
16754691
5353411
14920331
11930423
5475091
6665979
6966954
14331554
3454368
8433840
3743077
2743178
5844698
16044269
15566618
14110961
17592101
2638931
7964890
3091186
14141324
18111698
5008091
13415038
11581270
3586211
10738658
17426987
5102184
6815311
400879
7348855
12071943
9562296
9158738
9644836
3479150
12792065
17530617
9120283
6044288
13949189
17297579
3845369
10735801
14301506
17596695
17774662
4962100
16528241
11370809
16695232
12232633
1749474
12034032
527174
15586664
7467830
2645886
14530427
11607907
7920637
16987486
6856516
16716191
13782213
1051633
7967025
16598143
12131283
7502188
11376111
7641104
1345744
10080473
7824926
2743435
5617908
12800389
14810590
9155292
631724
16060461
14421118
6650374
16792188
17383264
12950490
7115491
1466225
142207
5237882
12410682
16511429
10163905
11144200
10282806
17932347
17162458
17621513
8795034
8373121
15645128
459010
1983919
2925043
17139858
4413673
11123652
15558513
14767995
8433369
9455158
10198417
10574046
7363557
12860369
17369256
2569384
14820283
17884665
1886587
13741440
17949703
8816443
1531485
7830390
6149925
8886772
10986037
2441340
3249705
16159785
5894942
4353263
14119565
14228406
7689335
10335591
9347123
9097100
3203929
13463629
15840845
13341145
16621271
7005578
15948222
16105015
5875710
17491064
17839997
2833506
17220305
13587647
16313169
14827772
18126213
7155761
5704153
960931
11781552
12855619
656029
15593247
99754
2144444
16136088
977768
16005048
462507
5628365
3880790
909791
12207971
15776775
12030996
3989885
9912
10339902
9563582
9778303
10174570
2295144
765066
17820682
16025298
17982949
9860247
11542818
17046525
13746351
2442426
11336073
12376033
1345126
9533295
3357039
16382152
2743798
2317198
12998388
1166895
917028
14923842
6993005
248255
8454197
13729084
16755317
2083809
3169759
9658333
3510167
15471966
3276443
5160778
2415787
5100063
14854142
12027712
1360222
9073790
14728481
4213483
8859725
1993176
14464152
15699211
13722340
3286814
14861056
11568727
13195028
15183636
12106894
4909373
6260830
14996374
6705179
2965856
8787750
10853610
2234387
3693272
7052280
7399106
8390489
2385442
16776014
4808277
8851223
1559652
9603120
6244397
2663477
15773956
2419655
3053463
2778801
13931117
3820582
11492056
9093148
1926878
8007601
2990810
6063502
4612614
14419549
2811588
1718308
17426487
9928135
4347840
15392664
8748726
16140063
17463953
13129787
8726441
15864169
11372759
7713907
16436593
9212206
11927555
16976941
7447754
5061855
10555609
14412914
1441378
7242376
17153345
5384214
11031156
3649882
12321645
2023537
9126291
12602346
7614075
8178845
7320641
12018540
10120454
2052921
4159650
6595720
10243428
10854268
6719923
6746457
6765999
8054145
11520152
12921876
3868535
4335849
17745894
13557703
17783126
1145669
41011
12381247
4822345
1970293
9690564
7378388
13317749
6452963
10064710
12416347
780196
11507970
16879149
11037337
6150530
11963864
13362431
11284532
8017523
6192394
2277818
18244044
16317577
4751270
8103939
16032106
15780030
16495377
9570071
17677345
13855668
11739442
1278116
16490280
5969402
15193207
2860624
5200313
17323478
6282711
7197147
17460727
15068818
7201657
1526460
8794284
12353790
8832629
3159636
10857739
16969893
8956078
8126319
8170809
16814516
14926407
9064892
7245353
3268143
3653147
8861160
3804844
12567036
112471
12565205
17560738
16858973
8830975
13673682
12533438
4640641
67561
7467250
12513327
269108
11065195
11683032
13501038
10624214
8977224
12186722
17100680
7058129
13580165
8011049
2838380
14295700
17714020
11071080
5377042
17611831
6060259
10199742
16104413
11848305
15587726
9348143
11461698
17698681
2579510
5425184
7422026
146244
5432993
6560182
12225138
12127200
11097972
18034388
5292716
3865673
14525173
4217029
16364891
12476107
960836
12791024
3927491
14052753
7081879
3701555
17877797
8523616
3373487
12808509
527299
14592217
11671812
360473
1065761
18087817
16033555
8237590
17740305
6832339
686490
1515960
17841917
1706221
14383827
10317196
10562939
3982396
16611519
10259484
5668135
12953420
3537303
4160921
6917292
14828554
16137416
16923892
17394253
17776435
12474389
17099980
15603744
5758652
5454879
7498998
16715984
12544427
11530612
10483176
8444137
16923782
8276315
5685838
6482946
15190640
11361494
3258120
14561059
15707507
7025293
13403388
10316801
16707127
15351403
13623057
6343969
18058835
15741697
11982865
10349064
3845795
9460710
9101279
5662181
5756263
6446746
17125662
3941066
11212830
418589
12962708
3605847
4346968
7223931
2183307
2875253
6988324
16108984
6861093
15050356
9264190
5964482
6439925
16030404
9415746
16338948
5674836
1180820
15245995
8300553
8672050
1656796
5867370
6296428
13976047
15046350
8596488
17891686
4196442
2004740
1352234
11028601
13479608
11704356
5782874
10259564
14721194
12368719
18214868
5709314
14391031
17536078
12628697
2890784
12672130
4469879
7348414
3631936
10708306
12352083
3518887
13029336
1582172
9459187
15036105
15099161
10903627
12831890
1596832
15292005
17880149
4009580
13706685
6625155
5895339
11695246
16282945
17077576
17286028
10274667
8749427
9482267
5768433
9322435
15030322
2538761
1832196
10009120
1622380
1758906
15576294
2918440
10767847
7406495
856554
6586841
13555329
9494286
8447812
5084213
6815036
7189537
17524547
10517463
13486854
4639079
11426129
18164386
4645885
12312863
13411820
2129326
17422470
6117124
7910850
15406172
7601315
15095291
2403381
16686597
13765539
4504295
13517505
683091
14322065
13331210
12953576
404917
12925638
1316615
5887366
16651077
1392155
4018896
9571104
11100948
16186575
13821440
114345
10144790
10289431
14831518
2629127
1182733
15121949
14758124
10831972
2904512
3195366
13173737
12550943
10980465
6924380
6633347
6533802
9158554
3822213
3214074
13414392
874970
3032272
17278847
15269304
2627486
10990437
16933898
3802086
1130557
1516881
2565347
3617712
14608297
16849735
9948230
10957216
1668985
11097264
5955393
8803724
12133841
12338558
12554650
15135028
17174413
13071760
9937918
11655423
7910210
11518577
7133772
16196022
8699640
16149898
11868144
7429364
1555358
11162283
401467
17044514
4837774
16701284
2166360
5402544
16264632
4093708
3239747
18135894
16783057
16265311
17556857
15728379
8937284
663765
5567377
17858956
11298508
15937945
17819411
3331785
17682267
11009120
16038897
13626020
1078582
4490102
9520184
12830294
13343002
3508004
17180077
13930910
13626179
10247072
4145673
9508507
6705530
8880877
12844912
14493353
413088
13220728
4465284
7356825
17776359
9024866
964818
17778737
5146662
6080805
6870759
10277120
9569306
4813717
6904057
88400
