621
1816
271
370
298
414
507
1353
267
663
409
175
632
1979
1905
143
1732
861
757
1550
1443
311
1314
820
1133
836
1862
1225
120
1777
20
1965
112
858
544
1580
1524
1211
1852
196
780
1011
1616
1376
1321
409
681
1387
738
1675
938
77
1413
692
394
828
1452
860
661
1063
1779
1474
151
1432
1843
1087
1347
1356
1159
1417
34
1379
1629
770
135
1905
380
1590
513
1529
1617
1860
615
898
2
995
1611
1699
201
225
746
722
1862
554
1037
1519
334
213
1637
1986
192
380
650
295
108
1169
1044
1423
1737
464
990
1004
1379
262
1565
1346
1521
1086
1186
1333
1381
918
1968
211
1099
679
443
872
1419
465
1099
679
761
1413
1312
1499
329
915
257
1939
1286
193
940
1037
982
1821
1086
1594
1285
10
500
1511
1993
1453
0
396
327
819
1705
1677
1224
807
1695
406
1944
1433
1550
1075
368
926
1089
498
1562
288
1459
1558
1949
1728
1012
81
579
1691
733
134
357
934
1348
1600
1695
1462
299
1915
1741
1706
673
581
357
290
1249
1705
501
261
91
422
1380
265
1905
1292
83
1074
1358
1379
962
1522
1433
335
62
962
1866
400
693
892
755
1873
33
455
1045
197
1744
1905
1241
1857
1702
1644
1366
332
1250
883
1034
521
1684
589
883
1453
104
236
543
0
405
214
864
1245
436
1634
1281
1876
971
1581
648
1720
1798
546
1773
356
857
1327
1524
534
677
1800
59
1744
899
863
335
496
1802
664
109
698
1928
1439
601
215
1123
1220
54
849
782
1686
223
1309
1186
946
435
1093
1413
649
1761
1109
386
1959
264
535
1191
158
282
1708
973
577
1590
1880
1797
1987
89
1756
950
447
1655
1748
1204
412
817
1233
1678
1381
1413
566
1076
1273
450
767
907
1428
1546
241
1125
1989
1786
1915
1111
1040
54
1760
1005
362
419
1427
791
1265
1158
207
1375
1741
702
1086
1750
1779
1669
533
1881
313
481
340
1559
1673
625
500
216
432
1999
1038
1049
69
737
282
1680
1817
935
1586
138
1417
1376
506
566
1478
831
1171
586
977
916
1032
1101
1859
1294
1956
1436
1428
561
1180
866
1529
1534
338
1752
1754
348
1440
1076
1822
1270
348
1182
1709
1923
1383
721
174
859
861
1095
45
809
670
1855
1655
289
846
1287
945
1613
820
1980
1319
924
1053
1472
296
646
1098
804
130
1296
1793
1754
327
1664
1862
37
1862
1663
339
1581
652
1629
1827
710
853
1226
1749
1504
237
920
853
1211
740
152
76
1622
1170
1443
210
458
678
274
1637
8
1996
307
1009
1633
1536
1026
1365
857
1225
691
578
574
36
1788
1013
1801
869
758
363
758
1693
1027
641
1612
1694
1311
1324
173
520
820
699
1965
1405
64
767
1389
1386
1035
1348
325
1017
1967
794
564
1449
805
803
822
1967
1865
1925
984
838
37
696
749
512
127
1013
789
1346
641
828
303
713
648
1206
1682
561
606
463
338
54
799
1796
1069
54
1474
176
1514
1438
1275
1770
469
618
1994
262
1702
1596
1147
1580
946
263
1081
1210
1995
1112
1386
905
1031
690
221
329
80
1020
1402
1704
231
1406
1313
1666
1391
1973
1772
1691
158
1053
1874
8
986
201
1483
1963
1741
186
1664
1484
735
1390
111
1865
1988
513
1
1560
976
609
411
313
1435
125
784
620
500
1826
1482
1891
1757
499
1094
45
897
1346
633
452
405
403
1812
1278
437
207
624
235
331
225
1024
1555
727
209
955
1084
1677
1482
560
1512
1564
159
68
1034
1067
686
246
1554
332
130
764
1745
901
1385
395
1086
911
1216
580
1151
948
1040
1451
1605
38
1994
1728
1122
223
1996
1795
1714
292
857
894
1849
1352
1409
1533
1815
1667
1425
1305
1690
14
401
1522
384
841
235
1753
161
1003
1463
1346
355
514
646
989
1508
414
1853
1271
919
1473
1620
793
450
1629
1039
508
264
959
552
102
1446
1260
855
195
1250
398
242
1766
1319
285
1249
1936
1058
460
1056
1830
331
1699
1868
907
684
312
1841
1111
752
278
567
1108
1759
773
1459
921
1684
1569
220
11
115
96
390
1382
1290
210
1613
1742
16
1033
116
1493
608
1149
732
294
740
493
1932
1358
549
221
1897
1972
1233
573
172
1204
235
1755
814
760
1902
331
321
265
1132
1914
1221
493
1335
394
1830
1056
538
1742
761
1535
1464
1185
495
538
136
398
610
9
697
1257
375
1220
1689
1652
1280
1323
359
1785
409
1098
1762
110
1152
437
340
1397
938
1615
496
1110
1183
1649
97
1386
318
1960
1009
1433
1890
1114
172
379
743
146
1515
1163
1266
441
153
1143
202
71
1549
1630
472
1264
827
612
428
484
1606
1878
401
1139
1207
1456
1482
1968
880
759
934
1207
1037
1270
1210
612
1751
1355
1518
1856
1974
1050
16
1963
1456
1752
1381
801
450
725
558
1557
504
885
1796
246
815
521
318
209
211
1260
1849
27
799
702
829
1030
1647
387
1699
1727
36
443
1712
220
1515
324
727
82
1977
1990
246
87
997
515
1421
976
1227
176
251
903
353
575
232
88
1680
1546
1508
402
537
175
935
1748
1568
245
1491
1116
1472
1311
215
566
91
1923
368
1993
737
1564
1087
1973
540
73
1660
740
314
1785
1899
694
1232
1095
452
1401
1061
997
221
928
5
136
354
507
93
1536
1541
812
1704
1763
192
1322
1478
