982506
752245
1304680
1792940
686126
340094
689216
750386
391050
1837752
1315682
1830949
698880
1149433
1141018
1549195
487935
931841
918077
1459250
1182033
911665
341983
333206
137030
1536492
560265
598148
757019
1765604
1022656
1678320
392207
601648
1155480
1346713
1808128
1061817
22779
1679180
1082118
587009
906580
914878
1282100
1431110
1201399
103743
173248
537708
1454944
920659
64470
1400109
673084
1761119
1229034
788255
1699738
1057050
1089716
793877
61884
551942
1709428
1192299
533570
921842
1022395
492005
556206
332197
1644772
1661806
153776
1699090
979378
1200964
166866
1012692
731504
1288539
1785759
525733
59576
1389821
510375
453084
745947
1153222
192831
987607
1453448
1626297
469165
1552831
677329
1857331
355452
1696758
1558591
16698
1809872
308145
1053627
909104
1768069
1374487
1823632
39032
1212543
33412
960339
438440
894737
896430
1628881
660314
931154
1486670
587638
642835
29649
1255298
1602951
129100
1175604
1423560
1181740
77218
1572847
1080270
1506458
1839992
1663272
72485
758101
908884
1430396
210949
275821
1392584
1510534
132803
444536
949315
997665
976278
570287
963335
880549
786116
1032605
7552
442264
1856335
1666803
415367
35155
185501
1504612
651019
1645825
149207
160010
848183
1314642
651499
1123291
1697533
448561
1601891
1625946
462276
838097
427930
216487
217928
1300134
974358
25264
558160
213959
1151224
1730200
1123695
1442893
1787544
1240134
1374136
1251240
1700951
1209827
357312
987147
730162
61061
1603955
643415
1273519
598531
1534740
1127271
388622
616868
697704
132370
594573
966616
1047881
1661284
1807209
149955
990302
476525
1032070
1093060
1306169
1454464
104741
1595922
989123
1524527
1753026
1830071
723227
1362692
1630022
63381
314128
1468980
154685
1595090
354923
1369091
458037
1825606
629642
765592
1165599
133394
1277669
49781
171080
486293
437521
773368
1063477
1477293
166351
1528725
122955
1286474
1730571
1816088
329142
1158971
452285
976198
1709233
927744
503888
787852
1746745
1526916
148821
1709636
20939
501310
1698957
911378
1624873
839074
1102887
753976
1206381
763932
1082428
1301197
1499062
558762
725432
208542
1311368
228609
395581
486088
27335
429252
993713
776871
1421751
1768425
150773
560710
193844
207952
565343
1671582
33070
981627
174154
1642198
9924
881511
87022
1041516
740679
25834
1590902
1392385
1138413
439463
1545216
378828
334060
1594381
633836
573561
355671
1387717
1597413
1630493
1520584
563085
1380565
1707328
895307
443198
1401423
420597
675596
607646
827018
494352
551569
1064153
1344563
106872
1730063
386933
1749378
1459440
803685
373131
288816
1045215
933833
683956
1536024
432854
48856
167856
82160
227432
576287
1807392
765519
3093
924702
263272
836253
1335723
121504
1078115
763097
1382284
1759634
77500
1537444
874155
1562087
1727706
168120
1713383
1688914
590159
1636215
1651687
1472139
751911
1437643
1324067
255907
897271
1787711
661967
955266
248686
962284
583981
1376988
214118
1379600
1167192
1371933
227149
1709444
776815
1117255
1359274
42095
345424
736709
1272994
203082
1272701
121688
1664125
84829
724874
132014
833839
1179274
562977
910218
702242
1762822
964197
1445717
1122754
1318249
629767
85714
787648
1573197
813562
787721
570601
608255
1224275
759399
777172
239366
1002442
1240892
1548598
1376427
141007
1703818
1266062
670362
1067474
1727915
216126
1559588
1397773
1074108
552117
140348
981458
40716
58655
1811879
1198233
1052343
1695328
1546049
265964
586530
1291796
152853
874392
1500037
445832
871271
288277
374539
129152
767839
1661677
1718841
95745
1475667
265880
442633
1790733
260850
1652108
458692
649487
164394
1284375
1805339
391711
1556113
1815795
779115
1186230
1363489
800919
1112031
1085297
148440
395975
382928
810996
1223439
138132
289966
473292
419248
605571
796266
1519297
1847137
385662
1819771
200057
1157594
108353
1101384
1193455
1711324
1818891
275765
1188645
250611
485792
1382117
670032
536775
1136107
40387
712279
1843544
979356
1579662
1160024
586848
262376
185832
932980
985877
891864
627559
350802
1096754
493656
864340
780180
1274302
1476746
1857517
1605474
677005
1855795
1835434
1069105
1495609
1466178
740665
235946
1587761
348447
1076673
1318443
943491
47029
787502
1649910
1307495
1056644
1735013
664376
948642
1635354
1737495
562012
905775
1332632
102022
215395
1595697
1361178
140076
439665
1838465
1238820
314581
838333
549785
54753
3769
627438
17018
66934
190699
1161329
332302
497833
965214
1239466
817036
1688182
1571975
1251676
69740
520725
1302355
1661729
751451
995493
706047
77735
1589212
1132858
233269
1633893
690212
1545548
392928
305878
788656
448293
505080
1123885
1743786
15061
908780
571911
139612
218388
892468
390657
1416722
1647684
1811071
336312
1605928
1013493
372109
802879
650389
1000403
826199
66664
936978
962507
195560
1844774
478900
27759
25375
1481923
726964
1269311
83084
80828
1454981
1411808
1332406
1072715
866678
1203768
987600
509706
213802
1128210
687928
874624
1795924
1802029
1738827
574409
829837
586320
916382
418602
1478916
1225752
1477054
355639
568921
1629921
1363261
1436689
446278
1385342
1447154
743477
1374859
1775681
1181235
872513
902901
704979
684483
537251
962209
1144522
1745219
636696
1239900
560696
127821
1600210
1822414
932482
295850
1534579
17102
1761032
1867377
1651033
984785
506165
1757562
192377
798176
592187
440290
437967
1016457
870664
807674
676005
415083
206815
939340
739876
1603948
789465
198206
4758
112147
620416
844375
1856398
1666180
1391812
1628226
981814
1513646
1673914
333175
1666679
1690231
1310396
794963
197267
831631
1821764
962682
460891
1001386
1425876
869083
257096
380513
47892
822945
1703895
1088166
1659428
1458723
1042685
169509
787240
719189
1030454
82051
1675367
1303927
914579
4527
1825894
706067
1100586
103269
838191
1673880
405678
1633560
319125
1711486
608676
636667
373325
334188
1138400
261445
1582652
888988
491493
697300
177250
1856077
1451361
1493756
1614770
281357
958398
1610152
1784523
1468960
698954
13346
1415487
197948
24230
889831
1404020
779640
1863795
1664387
119157
1182334
1524391
830039
1051225
525057
1492781
1863171
105018
1344906
1578786
785913
1449776
996033
374713
1159960
1405314
1606493
1743411
1854301
1799280
179144
1026791
1542701
416317
1680830
1643744
273658
1678962
1418221
1153022
975423
718575
295563
815031
640335
617737
1297414
1188150
1699396
1151764
593753
645401
1816225
798624
591427
1438603
381613
1358364
1365606
218243
957775
1684024
1213822
1018879
1488395
191436
690735
1369822
922627
554753
930406
582715
1697238
596846
907290
252583
201600
1430381
1686405
340057
1349852
443702
1013241
1476537
896124
397705
481714
1402304
1802157
1556362
359907
1060383
218129
745320
436766
1137271
795049
1371843
716635
462329
192693
1176687
45328
1612579
1471081
79504
192795
1442020
912462
1447735
1707284
455861
1098462
804189
1745546
1694800
1202863
312210
1243675
37830
1319891
619343
691893
887272
1722136
979417
181448
1410127
1637527
174258
342318
814780
1857215
1085069
484069
1172081
178759
275606
531554
1477797
355396
922449
67454
1378210
400096
485080
417929
851692
1409872
276131
260627
757808
567544
681103
1347792
1710469
242165
924916
1357166
1832117
35146
911944
1768259
259586
326542
722111
534294
1608205
1124754
1406076
868044
929912
1236887
439413
96403
1794697
1800751
639841
274643
721564
1292818
211407
1369630
83906
603489
1797743
372817
849105
1458401
168480
580494
1163464
868014
614781
783507
1507693
1181895
858114
1513556
734907
1326372
1061950
1504525
