4919709
2875057
4321844
1545596
5187629
4486126
3959243
837701
2460186
1193150
5826632
4751512
206988
574791
3652764
5520550
3509833
4100582
3996507
4659728
158756
2039269
4606842
5076387
393996
423967
1544878
1468305
4981669
4712849
402730
5993921
430052
1061636
3771407
3704411
2792609
2087444
5355649
232330
3754162
42330
5364349
4157537
5884141
5712074
951162
1692239
5330692
4305630
3790897
4468628
1419432
794502
4678292
218183
5524270
2378808
4670395
2802037
3262991
789191
284371
1430284
1514282
145841
1024687
511111
5068370
4811676
2433214
1515282
3162774
1284051
1002593
6006757
3047070
4535695
3968972
3158990
4205070
3699336
5380897
213793
285748
3159970
5210473
1562227
1462393
4803357
1515042
2150790
5735355
3668859
6014216
806932
2558666
3389610
5337100
4875131
64265
1718348
2100203
3319483
2616451
3538173
1260471
1981165
4126631
3140870
477910
543129
5468565
3766755
2238447
504236
5732648
2049539
1595018
2711779
3609354
1966731
4363825
1080617
3536499
231013
4822924
2424662
4508399
4017841
3539148
5846792
1137204
1255389
2059522
4812441
3743485
4249432
1313354
5200930
5092988
3201115
1400926
2633658
4019500
4462745
657682
1137916
1667099
4458763
2966646
5231161
4381274
3921942
225212
2378468
1704320
2647287
5064722
5792766
3943192
5146199
3339113
2097863
69175
4221270
1142965
3414447
1620154
5498393
18748
5938724
188769
5330486
5972814
1746588
252730
1647597
5283138
1637705
1498946
3181023
3913703
5040556
4931780
4794323
5077091
5780217
4292035
3146763
217215
5209809
4957810
1777701
5312716
4509413
2582287
4349725
199421
3813714
657480
2804869
5620622
3134306
5746286
933101
1860128
4505223
692847
5664869
194785
5288392
3954818
5736438
4754380
1169642
3708043
55678
5124777
3472103
3432077
5293236
4064200
1620677
1148079
3379088
2146936
3172222
4208695
822978
4349194
4700184
2942860
4950535
4782212
4292552
3672458
1656105
2590682
3980830
778200
281947
2837283
4610716
1497462
4514641
4280966
4475785
947036
5358467
5007996
2696580
489395
2516711
2781672
5808496
4222178
3466825
4183296
5905971
4093386
256294
1973533
2113150
1986585
1833346
4685352
1138877
1984181
1191548
3564093
3600726
5329518
929629
5604684
4677690
174159
5425541
736785
2320725
2141491
5638408
2212913
4663372
2163774
5356988
2704212
5198841
5912917
5602852
110567
95304
896134
2354208
5530910
2347733
6002235
2366301
4421751
3057778
915332
1004942
1630008
4391224
5472301
1381661
2553347
999549
882172
3069503
4676767
2387019
791002
2569620
2023348
48026
845391
2791433
2072794
5245156
4001057
163147
709165
3533551
4964238
1480497
5566865
2198386
2043276
5273292
5276338
3906137
2712978
4747352
3282148
715636
5448763
4369250
5281500
685130
4888913
3728875
3347689
3950475
4187590
3240590
1944825
927270
911554
1701603
3021723
2443543
3340566
1628685
4680669
310086
4530321
1767193
3486512
3111505
853170
327595
2745291
2311573
2335533
1271741
4414934
3644353
5471027
878541
2971338
1720289
2261348
4792878
2522809
2164961
2617341
874565
1507549
3238125
3670575
615140
3356573
4068388
3542318
5628253
3401172
2552587
509674
1101232
4698148
3622697
2832960
4793138
5397307
2105517
837535
1758133
184647
1586276
3476635
3051216
3448405
791002
2064780
2349048
1588650
5899015
5137027
4351976
5406336
3753832
1257710
1396593
3041368
3899323
219401
190112
5756330
3830421
1589334
811470
5689862
3724010
131772
3178168
4534476
3491981
4226566
5829072
1370556
1513043
3336937
5297891
4374575
1031937
3012419
4626013
5624488
3203596
2779965
4749450
1043555
5144171
4826461
2318476
4044097
2974589
5869245
4900319
4173993
5561431
4459958
3296058
3733679
466748
1220534
5332884
2816760
2223187
936838
5616161
3678519
2856768
721964
933441
179695
1060959
4290238
2717350
4112858
10800
5293138
4014538
4383539
3440296
1889970
1152853
2608536
355505
3544022
3523087
5844334
206060
2754375
4035825
2640547
3831620
1036820
495975
3165188
5389259
5016282
2087240
487657
4871748
5606892
2706027
1687991
3510319
3294704
1390934
4769284
2561926
1162549
516878
1925060
192673
2828715
437242
5759433
5720826
3254259
3908631
4162213
5234047
203164
2642270
5563136
3515281
4270540
178747
1454335
4352447
2491611
2982213
2173811
2916374
5746260
5909965
5453308
5505452
46960
1080662
4430539
4462455
2501020
3270802
1268023
1175960
3787207
4715468
3874448
1788152
3914051
2674711
1447433
1803628
1114933
4615316
5378641
3794418
2060649
4764347
5211365
5886321
5124074
4530350
3397170
3322662
1718709
726131
1564259
1712762
3165878
4450207
2328509
5370089
2895030
1615207
161752
3536831
3757635
3606818
2698972
540970
5493500
5175437
3229327
3691537
5838776
4254547
988472
1818500
2600780
1405290
3976054
2203604
5065544
437372
5987663
2376271
4292911
2076153
4049625
3639303
2741448
2950275
5275175
1632616
3928055
4774249
3631873
936640
4571808
2325272
1881760
119566
3896976
2544304
5853431
4068359
4419787
371935
5253805
5135160
2075485
5191618
4825576
5318595
3578109
4711155
4113027
472966
4082546
1643315
866084
2350260
2830310
2590008
4697116
2035175
3071302
1593808
4605840
1042076
4800372
3564260
647581
950262
2139008
1116116
4480462
672325
4401932
3383714
473548
5277057
794997
2194383
4130095
2791843
5970971
3102461
4726327
4588717
5010538
3813490
4031856
348602
5270332
5689052
2709069
3549897
3350400
146294
5576530
4867331
3973326
5307439
2431638
4360589
5358126
1579969
779873
2750083
3872510
5344172
2544791
23068
3214578
2324496
87492
3265607
2101807
2702363
2904328
2434252
5475362
4286824
3751816
3805120
4166641
1703136
553355
630225
1098286
110121
186446
983437
2123692
2249339
720958
3846277
5910838
1052869
5002
2948652
149986
4831969
1338504
2122866
425730
4737101
2726622
2362310
2942498
4380165
5319930
2296883
5318345
945990
1896059
1447873
5686591
3619144
1607666
2389882
1192085
2018564
1543865
5854749
1161941
1260809
3314198
3503476
4567449
1751491
3160774
3232695
40609
612221
2210466
1718444
4341021
4300336
826778
5564703
4460854
5631964
5393167
1122846
564160
5327347
2565744
3067525
785667
188498
4560004
6004206
4304248
1867611
5211911
1531736
1361796
4154666
1859520
5717409
1459989
4494866
2617013
2603048
236688
905736
1934793
5474555
1356466
3696759
1763276
3330011
3738373
3849245
617070
5606341
1900272
1419441
3177958
2230389
3623853
5574307
2829983
1372284
5403635
4581657
2385403
4902649
1171749
2928089
5537489
2118534
1892739
5325276
2435265
3959354
4433257
2776586
3708899
3682402
5616133
3572570
4507117
2236486
2522817
2246565
1209294
3382446
1203684
3603333
4769708
4218147
5406059
1421593
1281047
5928756
5631716
5202269
5495174
128876
5969595
1886330
2974990
1350029
1264478
2460064
1063941
1623180
5255133
2402022
5764671
3376509
5157218
2683720
1540604
3349286
1128417
4769870
3950013
1183959
3320437
341219
1897291
4669148
5120140
269889
4694991
2882177
5751292
4055044
1666228
3217231
3400525
2431704
4597487
4767464
3475485
479613
5060501
4788547
1927452
4350320
5538412
3952088
5249646
5164460
4988144
2401796
4629570
5534657
5279069
5462973
2613775
4496380
2742630
2873640
4331892
5797463
3890979
2992184
986309
1994379
5878550
5499303
2978754
3857741
2938229
3773928
1658463
5380458
2063799
2275417
254129
248528
5170017
2050604
1374714
5945916
4395154
4443644
719432
1453950
1098205
3998167
1458948
5865281
2393222
2314823
71852
2553357
1609769
5502528
1345622
1387616
5786301
734665
1526688
4021972
147465
2317631
5116387
3342801
1114346
1268593
3221403
2093822
3301347
1318189
22975
4585418
1570782
82937
4174459
268961
3167016
4459896
3614271
2803039
4147485
5840084
1819750
2100965
1993677
3377514
4436286
1303326
2975412
4405271
1491210
4703931
3530374
4086111
5971336
5962918
5882739
3286610
300381
3841780
2720466
4828551
5917537
4957057
5751130
5371674
4203562
338051
4946569
676254
1886620
4478973
151995
4101163
1962361
5892384
3272351
3511021
3395123
3349394
274861
135812
3234294
4004472
2233626
3931077
648961
1168358
490342
3805365
973609
5214224
2333443
5970692
