7557810
3299620
12529758
9302013
8372195
4965733
862493
5076484
4889132
4496780
10754608
6770833
4463991
9058791
109729
11480072
2615496
3313579
4274597
8047459
11899919
5074749
6051743
2052847
1222511
2457850
2804497
9896299
6604457
3205096
12544876
7840392
12205176
4339249
8560476
6681076
7301449
7477834
7211692
1097941
11801380
6342926
10398566
6464101
11178666
5801387
8334414
7669519
1212201
3014920
3221482
11141438
8945936
12195995
3410801
6694198
3775541
4831875
7649827
8318897
11452766
4115427
3921276
2906397
9442237
872079
11679340
260155
8216382
13052902
1137177
6477855
931272
5623155
1957158
8708085
2475686
10470476
12540953
2472628
7004671
4059750
4114885
7265048
8032345
3096356
12378328
2886830
7935228
8621640
4525514
1003329
8998369
4498309
10367568
10612631
13233797
11167798
12283312
8612469
3232521
5806691
8117214
4845392
10869779
9174584
6343082
11816936
6177788
9357740
8275297
10524560
11465083
11144110
7774903
6822031
3540195
1940681
12118207
1479124
6932126
13473543
5830905
1282559
1179387
13099526
7330318
5239515
2688038
3941856
4793423
4805830
7904283
2850408
7114006
1774809
1497071
6075800
7367428
2100672
723887
10648877
8025675
11119452
13353408
2001505
11787286
10760826
11994395
1728425
11224222
7278978
8668586
9341941
10690137
13044102
8406643
4286204
5410447
10937498
8065673
385329
10240746
12916278
4071487
519902
11789905
4423866
2801665
11698218
11714429
5151488
5866224
3209370
5368131
3729273
7633490
4429502
10388298
7133599
1183330
2489758
5759090
3325277
4906637
11404594
13493954
2206661
8105197
3742003
13515695
6256920
2720456
4307497
470715
10164983
497380
1875748
8465217
9289189
13122788
11548778
9477014
12436384
10094567
694422
11334637
8092984
7239231
6499699
12311756
553697
13509541
2739386
11226054
11514852
1273838
10039029
10677942
7364902
13285471
6859759
7153420
6028190
924185
13403795
3541951
12193252
9669464
719913
463771
7132163
3755935
4315913
7741929
3870205
10674497
3262495
11950152
3472500
6692094
4747749
10275544
12877946
12243488
10238913
8747366
5775979
12203369
13283762
10020854
3898827
7617462
7831516
7773644
10781276
9363452
7551229
8310274
8201706
737330
13103037
9580461
786682
10193518
274951
7167487
10553001
8209115
1416248
11216783
9244804
9294804
9063830
8619432
4636425
11824554
1750624
9509622
4250334
5650620
7608342
9094188
7757149
296830
8872075
6994059
3510210
3199478
5425257
6076539
6538946
10275698
8652896
4706038
2612031
6045461
9235044
1202170
7855922
4991545
13138669
6268755
10554597
7656342
1350176
13270301
9840136
8748757
4686189
7453301
5775448
9071857
6708748
6839519
10505755
8159735
7349806
4024468
12925529
9162083
13548831
5655093
10547015
6857632
2330769
6472008
1113887
5742049
5805086
9935875
12481365
7392542
8022723
10285472
13428950
1492775
5170308
9951619
3878032
2935102
10673582
11714356
981867
5581088
792413
11736260
172489
8831359
104643
13152870
4404568
1045844
8489641
1683833
1680292
11602711
595896
4145006
6719404
10174995
10234388
768231
8129101
404966
4565308
10409572
11893490
2209615
2721405
529558
11767301
8139991
13192374
4117106
2402016
4520671
13475998
7408597
4901979
2721334
4748428
1370540
10515803
2273573
12392942
10596659
12620997
4100489
6710443
28531
12402681
6611152
457400
964464
1068707
10425520
5759594
4516700
5698726
9477354
11549516
8236300
9389397
12614240
3413656
9805809
4646128
12898919
11931300
10331905
5138024
7999445
5957999
2290946
9796926
11058393
2887913
7066801
1429693
7327700
12561698
2411889
3419132
6622878
10347977
5756187
7405121
9606266
9454644
871441
8909431
11870927
3928664
11319888
9069288
4194464
6815636
5764488
10772911
5767773
1069138
3832854
4117751
655450
10445245
1384420
5735467
3758266
2445496
9111038
13256063
8046493
3573373
3148884
6150017
9396468
8274666
13318979
12584172
7949666
7237427
890484
9840766
10229341
7475720
4299057
4010002
6102640
1967625
3513733
6901716
1062388
11684501
12527839
6542188
2229437
9724210
5068512
11106251
1292635
10902273
11913227
11344446
7086184
2109499
7889268
2763510
3635358
3571678
8156156
4886041
5780614
2504498
11619011
9241603
5146405
7003194
3489907
9332261
7703253
11949529
9747901
7611063
9292869
10369411
784013
3606079
1483913
12642619
7408017
8731719
12075463
527264
12155921
7612402
8667795
6156271
3364825
11325604
4260632
2695874
3999110
6986930
2829618
12420666
4452748
4081455
2806343
2010471
4371090
2822261
1784708
8090051
8387953
3686407
6873050
11937431
11720954
2052008
7023952
9952900
8120995
11930445
5700833
4633303
7473168
564697
12234432
12953910
1666206
6469316
5770796
255426
1924338
4565008
12738397
5795617
8349175
8823295
7338044
8155051
13090225
9686714
3688488
9820989
6798410
12532122
9520305
2448948
3048567
12360663
4689280
9922945
12157907
5949680
13323662
2871146
4910764
10994979
1963177
8543167
1313745
6635206
9184466
2610179
9813431
12729950
2313176
1383628
8225076
2140404
5186966
6575050
9009968
143231
4694522
10015512
1562028
8177085
10799015
13584646
169947
477449
5193637
7856400
7459010
7394255
10884287
11772177
4727021
4774973
11786186
3066943
7795996
2645652
11958417
4047312
4696858
57225
11875654
3530894
1363397
5326766
509647
11729025
3271151
7935248
1247211
6047637
4356710
4288383
9703080
3605134
9716563
7962111
10855450
2797552
2685620
1220438
5203702
10999934
9522661
3619334
2095587
549786
4430486
7652226
11314522
995483
6132110
1616873
6205078
9197306
151216
238793
2987685
7187494
8281600
9540145
10770160
13144748
3321118
4653471
9773615
5906370
11824773
8707291
10505298
12375244
3062522
12455592
2860371
12275707
3990851
4411563
7711777
8974231
4664210
1370900
4277717
1796354
4445959
10293278
1966672
345507
4766354
12803896
11231031
10757832
1757131
5266119
6343030
2547498
6939247
6280370
11804843
4105312
6311573
2075306
12240791
12354577
6547255
922083
1064997
9326478
6727233
3627779
12193883
4348322
8263843
8526711
13463106
4612936
576458
1060304
8187324
11052320
8927580
7904279
9666231
8218761
2967701
8390559
11832638
8837837
13153867
10727522
2437336
1446105
1161144
1986781
947093
4920255
10488307
4434826
11947894
6091758
12519576
3132784
3666818
10473623
3165193
3063046
6758379
2071344
7621965
6013750
6593220
4796994
112801
10564526
9343982
13294902
9370022
10940234
5536569
2904087
2839115
5588707
9587961
1415392
633495
2849620
3444674
1305375
1261071
11833605
2127630
2453082
9170914
13358382
9285018
3128193
7065679
10381404
11847972
1411719
11672663
5703935
6164586
11382924
4652553
6223928
6246997
11970908
11855868
4188833
12073450
13109571
8650698
6531282
6443753
12048747
437085
12222696
2219026
2438017
2642538
10938513
7666032
778373
2586652
2205093
13226679
12314860
1590907
6253802
10594989
1479412
2478555
9035744
12883837
7985660
7631242
4880221
13402343
7489489
13177215
10898596
6339588
3353511
4019690
2200099
718649
8765822
6054546
3310438
3237390
9884963
1948165
2328154
7242353
10385300
7586755
7370895
2512414
77450
102680
5873278
12838167
13240910
6014351
4433754
8418451
4161670
8470339
4534665
10439942
202471
5307543
8565082
13347219
2525580
10154616
12635699
12029360
6949983
8169037
724669
3955676
2608328
2413712
9466153
11807832
11001100
10994879
12455250
9507767
13378606
10841852
10799975
7656882
6517227
3701724
4576868
6954692
10377537
12061985
7014762
4992916
11956077
2800984
9485383
8282459
5031708
12472165
2547892
2915430
10308870
2052084
1310714
1442085
11515057
3124920
11628430
7462424
3078146
8687551
10471869
11757035
3538511
2213456
670005
995299
8581809
3683573
946989
10788611
4866800
1096240
5985391
10858426
6585552
12662757
9913862
2552585
10392605
4432005
1387312
3640409
13189331
2495220
4085573
3028518
3030680
9983795
12724283
1121174
13080817
4360030
10014088
2182699
8963493
6427653
2953955
5518035
11014724
5805539
6924751
10420431
2105727
634025
3004073
8922661
1907924
2245822
8954019
12736873
937070
4504085
13495745
1265061
7585261
10134389
2791503
8216218
6778903
2485139
11805369
5301473
9452712
5026597
11808937
1734057
2845288
8752755
8710897
10572009
7048744
11826253
11159886
4622525
7435648
8416522
6286932
1127170
7944551
7825937
82475
6750530
7070758
275974
13041178
4458531
11411446
4582612
13413179
75614
7697969
900920
11950817
3402919
4752539
6635627
9511892
11901907
8316995
913728
11144816
