3783872
16855983
14842625
4643170
9953725
18161138
11953331
1759415
16225821
216474
11716479
15755048
18161537
17255439
15334794
4589405
6836248
11426492
6669765
3679794
1392849
3514555
13201595
12625371
12606991
3258075
8215330
12962413
18022727
17594615
17138367
6662938
3177093
4442388
12850757
5359030
17409077
12445632
18077404
4071240
15700630
17034777
8322390
6187689
1660370
12466997
16130224
13393669
10236586
8897040
16090299
912045
9907040
14832418
13173319
10802186
6228720
1634471
16565821
17039066
16315216
8053524
11220661
6093177
401568
5583276
15794608
1409757
1975467
17721854
6919318
12338718
11882792
11023530
6006404
14830396
7774974
3741398
15137853
12840508
9802329
4125977
5653368
12303042
10695771
4072151
16718023
15710668
11630221
6950911
4542981
192742
8263925
9733891
11524529
2365217
5478467
4130643
3272110
7363063
9500075
2842227
3520969
11464853
9694095
4159280
3600407
8328618
15702763
10845660
15739603
13153777
6950256
15864061
5743944
11616621
16649144
7838315
11621838
11749097
16084219
15561200
13189004
18086864
12868808
15626088
3420249
15650180
18267931
7931823
8803122
11471428
16568495
8041952
2579546
1574984
6055257
6322110
10471005
17835177
4224966
7724205
13736517
4269079
17467806
11115120
3665045
14440184
93976
16981476
10920435
11419232
14831337
15695260
9961071
7883093
14755462
12078211
16667504
14512773
631629
6960957
17343450
2379088
13809124
17571019
8010498
15169615
6829746
17898836
16675613
10563714
3409518
9961800
9077676
5480509
10259105
3895987
12922415
118892
11160507
2775947
9904378
4789213
5342557
11321174
8241130
574621
6969270
9463534
4899069
4413037
15508827
9819032
10697097
3671372
6629338
840571
9628812
975811
14226822
18013459
8837859
15421778
3101180
7758252
434970
11586183
18171177
14360860
11203012
17402161
3423901
3465050
2475319
17102086
4752833
3031226
17490161
1001580
2314849
7848887
4385588
10159089
8717140
3633952
15103656
17180249
9784464
9657493
4078321
308626
1445569
14867398
3575453
17881067
6879289
9461611
14907830
11058549
11772488
14339589
5842198
1915607
14359495
17939949
7302438
2467374
2772110
14107189
11318467
15747171
9567110
8661804
15223268
13633198
2573329
4022086
13560827
4632900
8597867
11434741
16532955
14264814
9892983
12981407
2435751
202609
7674622
4217009
16816631
6949829
16391051
12492370
16119269
11448850
8636322
1466944
8957125
10346709
16117902
12204315
14320411
15961212
8069003
10841747
14133770
9973313
17756857
17766538
17044986
6499113
13189742
13835970
8478562
1236368
15181071
9426856
4470072
8359326
3234794
15497853
16198105
2428783
7659503
2788109
13154801
9370663
12026764
9825814
9348060
8423882
15524848
14217946
3596869
2643410
8678759
1125979
6294736
1489389
11042710
8226220
14554171
6696772
1084973
9341807
9893571
9084277
12467145
9443416
8492844
1380990
17998381
11673104
5036503
10175080
11602677
8037658
7553036
6944355
16391469
17158115
18050968
10282465
13249
8528423
10312873
10525275
8291802
16733335
14165818
13941794
5040954
8665504
6669969
11115930
5107735
16822265
6293709
14818084
10495003
5474294
1215590
10370982
6055220
7846712
12916911
10555855
10181015
12595220
3876967
16639304
12238996
6109556
3640272
17672012
12732643
8214300
29797
8519315
16569316
2800878
3551829
7830046
8842777
17268648
7208883
16541184
10567424
7120511
7834124
12678006
11518038
16023746
2714405
17921595
18207358
4607580
6576409
13803150
12192145
13956511
16608927
15271496
10426659
10902444
6160788
9794542
3321991
12889671
8058036
14532100
12620483
1761754
9115036
5484348
17115233
2325070
6895232
8803397
10781650
15991363
4837315
16656942
6743482
10164202
5298581
8756227
16645937
16207042
9273391
4107894
10564815
9354237
3675214
16220245
12818221
7833432
12006280
281820
3451329
17153111
13209798
17223895
2673171
9323111
12197653
11912018
4985602
523947
8101355
8591746
14513788
12236648
1666138
2025417
4130853
3123430
12311320
13256710
11705279
6953721
7579218
10575085
12162953
15612208
504755
17717329
9992406
15203536
10428209
8685437
15864611
7396427
3318122
654094
5308241
10420152
5135527
16974691
15223375
15439352
9840337
2599986
5392886
36801
11245987
3781176
4598718
1851029
6561096
4930380
15251941
270686
3500637
12487295
8107158
1823883
3359196
14686557
10416983
283392
6522302
15461522
14433344
2547862
17918851
17161829
17272992
9889402
14246284
17862846
16280315
9047610
16192520
17493797
18031743
5436660
11521968
6459138
2592194
2924024
12126569
11952391
15594655
12897650
12651011
5305913
8958836
614455
3920552
16660833
1537091
6544069
6126322
5250172
1722363
12795313
2448781
16074705
18232641
18094304
15334394
6448333
8426739
11458135
11416339
3766873
4031246
16874382
10123653
5722286
11540107
17494368
6189045
16882720
2315758
12267396
7842186
14918737
13057640
14151813
8148561
7256307
8043431
9361800
3629168
412969
424238
2858417
3228223
14514773
10625236
6074419
15604710
12119035
1449178
11636025
10576435
14891665
1587433
5155495
6338816
14780808
11765159
16813340
523873
8165026
16754528
1704133
16683902
16243308
16621620
2229412
8094912
8723549
7047232
6136048
2633098
5564325
10797484
7426985
3122601
15050647
401615
16242158
146707
5341197
6083561
531373
11606615
12422923
12572597
8782632
10674175
17432770
858394
9238181
14156698
10983650
7478768
13386816
2547645
10329874
13442408
4494685
4459602
7696534
11453328
15369998
7242202
11014756
13249921
6389250
4530815
11175722
17206996
707346
10129260
11237836
4611475
2747574
15138777
1284930
11953255
7924724
10362673
18008956
11395231
14859488
96549
13712495
863352
11360673
7658929
1978378
8504306
17355250
12950915
120943
3906651
12753933
550436
11967660
8371324
7221217
18104147
7566340
1954245
9883796
11946124
5417203
11259548
5588
3659304
3070311
4183541
15975077
12652014
11803710
10105634
15300510
7214109
2577002
7076860
12303785
11070625
83111
4885439
2518698
4712298
3867733
7146339
1803985
17708864
2645180
9378162
13028513
13650518
5852612
8624268
10595500
16844561
7088905
1954559
4447302
7621101
236157
13198729
5899171
13033036
15287653
14776466
13960830
79564
716291
12752574
9285705
4789563
948674
1985487
2863137
4526403
12514165
14758917
12091463
2405646
9522936
10280611
3942880
2614825
14032156
5235712
6527860
12779441
11348608
5718284
9714413
10590844
8639761
12654416
17195000
11560902
13161567
10764096
5171188
3440866
2552824
12321680
5081187
4343325
484623
2827508
2797317
11937001
9669774
13629316
2174740
17228447
15452515
6901991
18074674
5750428
7649962
3960208
1242062
821425
3368082
16358530
10858227
13898923
3131860
17376331
15252137
16613069
17315547
9054842
13243399
1581864
13939283
5695394
12034888
14596640
2831752
532113
16792591
3326252
16701201
10150579
16976167
5947600
15664271
12891072
12967078
16479988
3399021
12808202
3992913
226881
6914766
12671740
9383423
17091132
6416369
10906
5809597
7387536
3048285
3479131
607415
10976325
15694070
7943905
16722850
8350566
619556
15537406
51268
8617307
2857882
11742715
4733366
1134547
15210936
11862260
9392025
5204423
1586641
3529948
17679680
5142182
2948465
6809953
562035
12718019
8908748
8542990
12287855
8525487
2422275
8239065
3705505
8457303
3211061
102584
7601570
11014633
12713792
7496872
17369143
16833488
2997821
11976139
8279082
5597774
447728
13084645
5189735
2709071
9580512
17529140
16832544
11853470
18132609
15462759
8300876
14882695
3605349
6154
9285306
7906713
1129505
16808957
6110918
1393919
5488579
3354753
16165292
16807702
1891884
3750141
1015943
3748299
9394132
16675090
1554855
14895219
1280032
13603069
8844901
9451725
9350289
11207388
10246762
4293294
9717195
8941484
14452359
979172
16135114
5276531
13748226
2586194
1307970
9664613
11662289
15240633
13575804
3525996
4605704
5996406
13447884
10601472
2160177
16564819
10712087
11391769
16956948
14909673
15067580
13768544
2952778
6451425
10875538
17665803
4439788
5881011
13355681
10308040
2602825
1660284
10613248
9148857
17657862
17261498
12479407
13276022
14585057
17344846
3778972
4264881
4447621
6634856
11383711
1429341
6570917
635768
18066305
5963368
9232853
1650668
13293288
7057163
14320540
5453863
13441122
10943793
13054541
17309399
7049038
7301110
6620677
6405996
11525907
5282372
9334073
13080523
567187
9775510
17276088
13400939
18035119
5794357
3340371
12587837
13948655
12288725
2701296
14034939
14375013
1130036
5276858
8693967
4027474
12442401
11489073
8594979
8857105
3699122
1728794
15353794
16994083
2672653
7449451
11077171
3349320
3391521
7253479
11366069
3876294
