1857073
941029
3603608
1975416
5015296
8386023
289671
1989022
1051136
5454268
7526963
1815282
7001370
1209709
2990595
4867205
469057
6938716
2057115
255170
8599684
1853534
608636
6224823
1816160
4049226
7217190
1005289
688351
1108702
2632240
6353587
2984512
2171899
2730760
3342299
1503581
5599348
1226653
2025684
727742
1676887
4827495
2808343
8465992
8324014
1433926
744330
3053443
1230230
4014611
1161004
8041295
8534515
6691163
469743
4966597
4283790
3811581
4693931
7147037
3510050
313015
7591783
4673345
3486175
6716238
8424431
3267345
1646933
886249
6663630
6374583
3166743
5412376
3958321
8303029
3079255
1170258
1356751
6895590
4860231
5416558
8188330
5379841
6222556
1976805
4266129
5711317
627685
7391557
6097486
2547711
7803404
750177
4113552
8121509
3234890
2321615
1606477
4634354
3308382
49567
5772147
8458727
5084992
305997
1512241
5876292
3335344
8111567
5706839
7876011
3328936
4350471
8430388
1221054
3112410
4489812
7758224
3101066
628127
3471452
1428339
2502076
8328307
6533971
2615150
422434
74970
1011203
1027164
7927594
8694722
2267073
2570393
1952103
3517043
6851313
1859305
4151986
366639
3202171
7299675
7986029
3328894
3051617
6698567
6073442
5583046
3932107
8037396
477261
2920483
6934511
8456130
1512035
2275582
5254440
758465
6699927
7078804
7419645
8665593
3593693
8051840
8389966
7017265
1455606
3347930
7018443
8370843
447873
3952176
8558753
3597392
590009
6723610
7381521
5080711
5718251
2694275
2383194
4738202
2375499
4884800
4127703
4852630
8269118
1432651
5311718
790773
317281
243907
47618
7521432
4239568
8645532
8504622
6563259
8707397
2604931
789470
331722
8327303
4766469
7409991
4559128
3206537
1018992
7747891
3126981
1587082
2292014
1973924
6520746
1080154
8728487
7590420
22350
7509439
796190
1582274
1116015
8400995
4414705
5755858
8407052
3900602
4635309
2991423
8072135
2357085
2133382
1096202
4892053
2069506
1558491
2367084
8184673
3767348
2011557
3806567
3252918
2907818
4863333
76508
4011576
7086800
2829171
1212868
7104803
2330587
7301412
3330511
8610005
4356578
4805764
4667128
8009215
4302337
2947890
6757332
4382679
5472445
7291779
7328858
1975748
6149119
5673750
1137459
6176926
5623749
7584790
7471040
5045817
5120543
4955962
1599987
2365056
1789492
8547641
2247582
1995131
6973914
8038666
3087686
2646717
6648017
2676950
6688415
1883833
4279943
3368970
2264956
3850952
1275347
3066727
8616108
3353321
1512091
6345915
6116401
2038246
665155
572871
222367
3949330
7874700
1975344
2060688
8634344
596755
6927647
5043578
2355829
3653938
281039
1676854
2728483
5297082
7794276
4448935
1367160
1396978
6234685
6396199
974241
5035754
2814421
5391190
4806894
4352898
4963000
7140822
707100
4942483
394317
8082747
3402211
5754985
5797066
1654937
5929168
2931139
7511027
5442499
6017724
1287955
3357392
1012373
1408036
3148735
3883275
7089165
4807929
2722640
1101470
1507864
1764466
5900931
5512076
6719383
3251035
3076457
2323601
3686974
4953066
1901723
618849
835889
5298496
3308302
5679080
8085170
6662978
3818256
3242748
1542
1580942
3404976
3058602
3139946
1000963
5902985
1988693
3002514
7032878
93134
8462786
6246081
8238613
4520243
3928548
3143779
1336350
4395696
1841489
6353969
7937078
450835
5081554
6920822
3077644
598582
433444
8399177
1583550
5406998
1280521
2810849
4232451
3041192
3025595
1114583
2720406
1501430
7922718
4307053
6232995
8329294
3675191
3721538
5208838
3652646
552541
2374495
8691052
49570
1087384
8629210
844470
8269485
2018368
8054228
4030105
7515173
6911252
3486452
7108974
4558090
2679943
4329292
8392128
2021430
827566
7625323
3215445
6619967
3071782
1624562
3036158
7255030
7876232
39466
5627474
6263662
5319841
4737838
4113511
3242225
4361594
2369626
4806626
4785800
597605
7792938
1980454
5724286
7152492
6333264
4387329
1200127
1570207
521421
1977862
6224257
7375100
6914020
6338874
1343228
2633946
4142887
552228
4958654
5197679
2737300
223057
7729938
6075083
703278
8370237
6814442
7428260
8439004
8103746
5487516
4853704
513540
2935206
2254004
462768
5429924
97412
5042979
8516295
5855141
1815696
282900
4707145
6553308
495115
4136661
2759835
5126637
7244464
4829164
3665231
6607268
3089715
3537507
3525246
4705911
1864691
7640790
5748264
7743679
4516736
3492067
949827
2632393
7408849
6638429
1186170
2775345
1353281
4194212
2406683
8448733
8717014
7527662
5819934
3563252
1812233
1271591
7332556
7834284
1051743
7685479
6091776
2913568
5517499
2911463
1296650
8615264
3098260
3630364
7730215
7485904
8106852
8259166
276913
13630
2602424
2778617
4343363
8627191
8451839
6035839
4341114
5177169
4386576
3463854
319076
656609
2861514
1864909
3268400
4851430
552765
81148
8513656
3039503
6208011
807139
7397379
6869218
7868355
6570505
4890301
5361358
8189782
2316403
7323955
4888458
8051156
3753998
6217166
2736117
4238305
4882453
7832871
3108792
6295506
1057719
658125
36781
368515
7690199
6443480
1410030
7802134
1422887
3659289
6675132
3257941
2249017
3947944
6293124
7270363
5187822
903360
7650862
5186012
7231503
1583348
2804980
3675731
3811338
6988988
4963458
3187751
3621081
1593107
5397973
8046868
5287869
5396548
5113955
7426973
2868701
4661365
1948088
5380306
3982371
1280722
8313240
8218172
5790662
7032479
2970428
8691896
1108198
8593407
5837995
7295224
8059226
886111
3223365
3730727
1474838
4407533
981213
3831207
7000116
1775826
2886175
8391568
1763556
5440367
3630681
4522430
56032
4315549
1476139
6703229
5002577
3437049
5235104
8177368
2374410
6632500
2213684
3427271
2779239
1162549
3455079
2057798
7326560
3743774
8719253
3408326
7987944
4559185
1692175
5839096
2605609
6836959
7726706
6012596
8393070
7250379
7444711
5417100
5639387
2797736
7077838
4213321
3551628
2815520
6474689
393809
6478551
3197267
472872
4661406
4247965
4774805
4322941
7816998
6330186
6696565
3875692
3266030
6327987
603139
4369697
2056834
1509883
5757699
5208460
6262541
3532993
7317737
3513967
8155477
766826
1055321
2740469
2912002
8080064
7040698
731776
1116507
656026
2066947
4663937
6751104
1997019
1782223
7856105
3184199
326850
6675707
1202082
1112219
3380497
3907705
602410
5052716
6469816
7511739
5823502
7617869
7497014
1525479
4875408
4849339
5173610
3184049
1759687
7251577
2632659
662057
5974389
3771599
7149678
2469505
2094201
4375324
4661044
2436960
6927955
5602250
3781178
7538595
7113092
5344678
5660823
2855607
3408356
4547772
6170748
7684380
2979326
7885374
6663331
6369771
4898891
5200631
4340660
4199413
3463237
4615391
7030210
291186
3757277
6084964
5172983
5451118
3318007
3987090
8552192
885717
3425028
3873469
8522474
6187923
2751752
6822561
1932804
6004095
6451520
6512806
797151
6776662
7975294
3827585
7477280
386685
5062197
6824148
6079107
1684138
1101922
8056475
2227041
315826
5229513
839921
8480459
2671684
5755846
8069352
281322
100979
2719450
8593999
8484053
3714285
3956691
803731
7667059
5888549
7050453
4995667
6520824
1991325
2860101
2409269
2879325
1484850
1151424
789631
3665186
1504884
4010932
2811073
765511
5319340
8217210
4678848
4484491
6103321
890825
6626257
7702831
1428280
5321545
7889407
2511683
2728081
7213788
6507320
4679188
1173725
1624805
3638385
373079
1924220
7596928
5872661
2605576
8569647
6791133
2205645
8532691
4693819
1158597
3675042
1813539
5913392
6694427
712177
2568990
575468
4103654
824338
4599875
1979494
6125837
4311488
2676226
5048344
4402108
2782239
728841
6428269
8063750
8539731
6107416
3566100
6482173
7366453
5678961
5199090
2731593
2587402
137090
824659
2463800
3699309
8276973
4301987
4982577
3347746
320158
5521098
7886479
6847403
4304348
2291800
4962597
4366354
3277354
4578377
2386093
4655948
1316605
4747623
3540961
3912160
1831991
381737
5236650
2512165
4312103
1910436
5503699
8660321
933570
3076284
1497914
5151854
5682914
4735995
6362750
4138228
381590
1425733
6858484
3069636
54129
211545
2387072
1988630
5561779
5487995
1197763
866487
54020
5221534
885660
240680
2199680
5907824
6096082
1674316
2547735
7684171
619042
6118637
7482437
2975316
1517502
6304352
3915453
4245241
5732417
7576438
