1800
1449
831
1757
993
64
559
1073
362
1054
730
1049
1457
221
345
316
990
568
1886
894
941
1494
620
271
244
482
1683
1282
1711
341
1873
883
1931
1588
1840
733
1693
1787
1931
910
178
758
649
1695
1129
1954
248
1718
1011
200
458
1594
347
1115
1771
725
733
386
769
663
1893
1156
1303
1009
1908
1235
384
153
4
307
320
1392
1236
1289
195
1894
805
76
1146
681
1288
388
552
1005
995
974
690
497
407
1993
1195
334
51
428
930
73
1917
463
1126
1943
152
1695
1867
1613
1156
940
1079
629
784
667
929
1415
1224
1095
295
845
203
995
898
646
125
117
123
1435
754
358
1696
1577
1338
693
424
703
1546
797
1594
1877
1743
1285
351
148
1685
1876
800
419
598
183
1940
107
1263
402
976
58
656
1825
819
1176
274
445
1988
1040
658
1732
1059
297
1593
1142
1402
1279
1655
366
655
176
4
261
899
337
1218
254
1560
1247
972
548
711
834
486
56
728
1181
824
851
870
1950
216
271
78
457
1240
844
1403
594
1264
1785
686
1427
772
1197
317
1528
1592
1357
1094
342
421
430
323
509
1439
1087
111
442
134
622
1679
11
1590
367
1974
469
650
811
1060
1887
1348
1544
17
1827
1670
62
728
1747
1383
1341
1303
1715
962
1923
1518
1872
1229
1159
1365
335
796
1145
338
199
1141
660
1791
307
90
561
1720
1377
811
536
1532
1632
287
1426
641
858
922
40
1505
1439
13
1508
828
1666
1955
1368
1800
1540
195
131
1516
77
1782
1303
1595
854
145
1309
1504
1374
1571
106
1978
1859
1962
628
813
288
1691
447
1556
307
1278
438
1750
1425
946
1280
1001
1676
137
1218
1378
969
1914
759
1820
1472
1458
929
144
1664
1850
931
1996
116
1714
882
725
1788
1399
1046
290
1833
696
776
70
1416
1191
1052
1200
261
385
1890
1614
1472
125
787
987
1366
87
1980
1363
489
1253
138
46
35
1412
1956
1397
426
1607
1864
1082
1308
1646
895
1030
923
368
574
1086
135
1201
326
1884
695
506
108
1078
1101
933
934
1716
1673
669
1391
239
441
187
1680
265
1885
1340
1639
85
1879
80
700
345
65
1673
213
1243
1013
810
1440
132
1701
1124
1790
93
842
1202
750
1668
1122
1478
519
1810
1042
1487
141
953
225
707
570
164
1977
1130
1787
1477
266
1536
1697
1742
915
1038
686
1025
1184
1523
726
176
120
950
1568
659
1596
456
696
1422
88
1888
891
294
1543
1151
243
1714
389
1644
1614
78
1736
658
1865
1821
1660
371
1457
1353
384
1565
201
1603
1172
1514
856
1756
1497
1847
127
1905
644
1599
1543
1950
806
146
1114
152
1339
1235
280
1737
840
1589
1264
1549
571
401
121
790
695
0
485
909
1049
514
1343
1256
419
577
914
808
1517
1924
1123
1609
691
1758
512
1193
1040
1905
568
521
1309
1030
322
19
1465
724
800
789
1883
1223
1166
1856
1076
755
1651
70
193
660
636
1659
1754
1814
1885
953
1239
570
1101
526
796
1701
426
1735
577
239
134
436
775
1398
1748
1700
247
277
1051
1409
1136
326
961
17
1571
1847
1041
1743
737
1546
275
742
1318
1953
1430
1298
1724
602
438
3
1188
1068
1581
1030
1354
966
1479
76
194
986
1587
1173
641
564
384
497
802
280
1798
429
1741
1236
1874
58
549
908
1027
1310
871
171
290
1986
443
1928
101
1766
168
1349
208
963
1690
717
1558
161
688
1842
854
1793
1580
369
562
1708
1048
1859
1407
619
346
508
1482
1881
1854
26
681
416
1151
1986
143
1976
1233
1728
707
1086
386
1894
488
1302
852
838
287
991
694
455
511
926
1864
1856
687
336
298
168
1392
1462
1323
1197
1426
1071
1713
1205
1778
1374
1987
902
445
462
617
1153
1749
1699
1464
1927
468
245
1942
1945
1360
591
1393
1828
518
505
755
1581
1900
505
466
1899
43
1674
1118
660
1638
55
1800
1930
118
1852
1046
1628
1287
1570
583
261
708
964
1257
1883
1335
413
99
1708
631
342
1776
371
881
767
1541
1260
1468
825
1959
353
1415
46
354
1810
560
1956
1934
502
786
1510
1635
1656
1344
1694
251
260
304
1442
1854
248
1430
1600
557
579
816
1523
1421
50
992
49
461
591
1380
547
1461
1858
1663
596
896
1020
1314
1323
1224
810
1003
1564
1095
662
1772
1635
620
1551
592
44
919
381
695
1462
1748
1245
766
820
1787
579
1180
113
599
1861
207
469
907
623
1913
657
1268
1743
1569
1406
1886
340
1648
168
1753
1285
1783
1383
1935
535
1965
1004
1547
1115
982
325
1831
683
815
133
1061
586
601
1819
1922
1678
561
1860
1917
958
257
1934
1814
577
1499
560
991
1161
918
1151
1126
212
237
1700
1398
1138
1144
441
857
312
925
1055
888
766
1411
1314
899
85
806
994
1912
1321
1859
914
192
1218
1155
1732
769
988
452
752
1177
880
702
1135
836
1689
794
1321
1703
1489
1920
1208
1015
898
1843
1239
1865
1099
1352
1057
1060
928
548
386
1507
1526
679
79
291
1382
1706
1205
1403
1806
621
362
1279
989
878
1212
591
1293
231
994
629
1774
1990
1617
1087
212
387
1069
1556
416
622
1550
77
1263
156
919
359
257
894
872
1501
415
1576
1488
1793
264
145
764
1280
1928
1701
126
646
1796
1844
1067
394
1912
1523
1584
165
560
1003
1267
1572
