12887590
13468060
13241919
4893524
2880035
3462692
12563065
142042
1660322
12956494
11585061
7132223
8512878
8678491
3857676
8423666
4077345
5825373
321005
3934681
8081393
7578292
7789044
3907420
1548856
2401752
13112549
8198849
7911488
9445552
13547107
6247673
4570217
5261493
4173559
10820135
13505193
6870074
223648
9905234
1618342
9237482
9835925
12195842
9734761
12193774
3368610
6650701
9047562
10442826
12224275
6848645
10176847
6736284
9564881
12016356
5589543
7799098
7343915
2645362
644731
11736669
8757814
2088994
3678168
3634416
3933724
1198490
13477889
3982750
4986653
4420651
2441278
7420509
1412676
976389
9435479
2033812
13039978
12968337
10275431
7275741
174252
11074752
1173588
12908529
7750220
7576784
9148737
13376096
13563563
2834333
12093534
10070348
1395322
11195101
5408490
11510308
6759795
4595145
5133310
9857903
12124787
3200831
6996836
8015595
8546629
6204263
3335379
5676831
3496048
2233629
6551959
10878933
11092606
124693
4660277
12053463
997414
3135552
8343233
10347860
11850365
11286078
9004483
1697743
6943881
6731577
13543854
466199
5065589
11240198
11224822
4562999
12327435
8320551
71782
11485844
3803734
9057056
1433889
8610464
4531306
12489844
7734284
1805741
2883746
7310367
10714944
4466464
2890628
534713
3518621
13270526
10893337
11890301
5667031
3493581
5782290
13193116
2580782
11253727
8462363
13289239
2735868
9409312
7937498
10048396
7908557
6805276
2569755
10382646
2978843
1924375
10129873
9515425
1344315
12222950
2519507
6449387
12184275
13158175
3296844
8147181
9434789
11921634
10634747
12385536
977625
2766280
6121637
11777549
11147411
6713957
8503
10367915
4653020
573454
12044081
8120008
2614995
10820561
3395433
1305698
11935004
2204414
3490925
1642949
12108020
478042
11191848
9561014
2762432
71095
8707597
4896258
8197369
16250
1535599
9918036
10124587
2929886
1728944
1367728
9804772
8143069
900038
10501783
10022412
2453374
8067688
3508070
6582884
364610
3886534
9481513
12159474
4448607
3528394
9700503
1420736
8247763
5839328
10064333
8632586
12118682
13295082
4855994
7753336
13403562
9724561
4754151
8516770
8638100
2220716
6616159
2636137
5855806
1395780
1675174
5777669
2844879
1269680
6764179
5272059
4117323
7596701
4069255
12487647
4241088
860168
6227843
2645595
1630734
2749981
6216600
4329545
2781788
108581
11472862
8836589
13217833
13313441
12323882
12922032
12208626
3596696
1171381
8886984
1759437
3564638
11291519
9413728
5435144
13151703
5548725
4519415
879662
10400494
8680152
3718990
901101
8154187
4012933
2520857
1619336
5325874
11063451
6816652
8077352
10420445
5463309
11957083
2804871
3489034
7196282
9814454
1046505
10756433
6099924
10849801
2652253
10518176
7838210
5277689
12044581
7777536
8635310
10212822
13372702
8560269
3375071
11133700
2162306
10422666
8981105
12115555
6125050
12814150
669757
11996089
94062
12647783
11241261
2629841
7321902
11819828
100880
4806008
11440310
9140884
11114709
1602998
2373849
4881625
6322038
4435475
8263241
1708211
9096639
13367614
11471156
12536750
9510459
3566179
549656
8710602
6920524
12117693
361583
12168714
4525829
13078606
8589258
6830537
13425854
369801
1593492
2436257
5490192
2492886
7648566
3867538
8834451
12252700
6001753
752701
4150283
4646084
8553816
1235393
11429402
9865488
8886371
11498270
9978178
11112200
8418109
10719956
5466709
6382662
10258425
758529
11255105
11712727
6902694
7726941
8115483
8835892
393658
9020063
12409179
4315557
10243065
8013411
3798409
9378965
6192732
4070838
2109268
9019196
11651298
9536319
5091956
9201201
12894473
4719184
3638264
8730652
7266783
7226642
4709423
5033969
11368838
494019
10080993
13321375
8468159
1523115
6646866
2189243
1689184
12408559
11035780
12497589
12681473
7046143
6091979
9366216
1745422
12086366
13532069
7767425
13226436
10391382
1086802
9741233
1834552
7864695
13309027
2450824
9101912
13534642
10952834
7439716
13235467
11401283
8312050
1003937
5350185
9256691
4166074
5378849
8008000
6114500
4429493
9716730
2716604
2948157
2048020
13199517
6474974
12529798
11938685
3490567
9896719
9772387
8557296
7858268
9928187
7316031
13101316
11095491
2845371
1512633
624013
5684923
7901845
8756400
8814584
5135432
8492975
4103640
8844144
9576743
10661668
11976960
4554023
8474524
9306535
5694952
142848
6299210
1618462
8611885
10388970
13123875
2215021
8856742
4519336
11978309
9051511
290738
3871196
11778978
7914682
1964758
8489911
2057967
10981638
8757458
4260692
2244836
4551045
1787970
8497756
6432723
3236481
6160738
4423901
11685218
1388486
9106289
4094329
10967673
12274631
3563258
12062593
6812810
8756000
12031626
7981782
9116357
361356
7990400
11046528
2149496
11268491
10088814
7647074
13368203
12330090
5402752
7603531
4147960
7077370
3444450
5599101
3967307
4172726
12264307
5316607
11113105
8774368
4576719
12447351
2961471
11059647
8560506
3216609
3673752
1330013
9797215
8744708
1838628
7055589
7623707
5403231
13374722
11813362
11975108
11666694
11218416
4474840
5423445
6251400
935750
11368386
1064243
811674
10046987
6909991
893781
13131974
7100079
7832478
379629
5911766
10563656
1966315
886501
10528125
2386898
371537
1116663
6233489
331729
109984
6056615
1815640
301002
6928559
5307512
3621203
12693200
2446170
8981772
3389103
8271955
5189266
9773812
11373263
12135497
8288469
3290418
6955745
5127325
1480707
3064833
797826
3698172
11881731
11613766
9581316
12175191
7197565
6147275
4655629
7860564
631711
6404979
4695124
3755933
8018366
2779315
10770544
5989838
792484
11569034
4839153
5372094
6308969
6708018
8701189
5853085
3869909
10161233
2232259
1862185
6059708
1402525
1155086
10845829
1922590
3454296
3288348
9581175
5451116
4928317
6332204
7112457
6008397
1481633
9593351
7699005
7010528
657114
4240300
7334747
3762216
3117616
2176862
389417
8133235
8978972
13269639
2972520
2068274
7236309
9940958
12734382
3924730
11547812
6991139
6215986
3249199
11620092
1864067
7718416
4333661
6072222
3001574
1932753
4962679
5521438
7771758
10818777
10828903
12096024
3290526
11268277
8634850
5631717
11271141
11861561
7694182
6313304
10392477
8370581
10307566
5499455
8246035
4938963
1631305
3422221
4210828
12099169
13533990
8455763
1012152
5756277
9523446
6454616
7899081
3799193
467310
4604668
2103923
4646185
11554798
3077084
9099173
6326745
10931755
3975166
13077839
4125675
3765402
8410971
12332500
831370
9793056
3225233
9578279
12584993
4998210
1624360
1308656
3750246
1657781
1875611
10404313
4582258
8402687
9815176
3160774
8260975
12122019
359691
5236663
2845899
1627262
5947969
3017218
11672840
13290631
7278409
4094704
4146197
1727240
1220449
6498336
5217425
350601
3981702
12608044
7788555
6704790
195016
7181823
2713533
1253989
8150826
860132
5337372
6701254
3531901
12560947
7570140
7851511
1646898
1534473
5719318
6462358
1436342
1648892
7202933
8373972
4709564
12377988
4525799
10925346
4942674
7354163
11276293
11833412
3172750
2557155
1369246
11631625
10519901
3067813
5763424
4081070
8025203
10848413
144817
1207655
9303834
759824
9515089
12824866
3183883
4957388
266227
1505667
5873577
5161304
1206463
11662862
11789857
1673519
9254023
1866899
7470216
12601404
1412455
2457927
2909405
8339728
1695600
8286231
3818572
352088
3809292
13368330
7444994
9441084
2253166
11420880
6553456
2439341
2919621
10431938
4454561
12962241
11490709
5396886
8552107
2247611
8826258
1162696
5141129
660925
11309103
6083810
9607444
14590
3721774
1585641
2729640
9836301
10542283
6473164
8375868
2338516
6511661
10229920
9089037
3300047
5124055
1939194
12973993
2725739
926533
4236229
10257273
4143405
5127198
3820842
8558668
13542957
13443104
2174913
516237
13049586
10700294
8951855
13511872
2676382
6154734
6219628
12398413
546592
13048579
2366053
2308082
7908878
3051609
4710180
9177665
3387326
10454852
7335423
4928136
13096865
3588556
958731
6995663
1955644
5668373
5662891
7562537
2715003
12991627
8886195
11308431
9813938
7775177
13546779
9747593
3929965
3442649
4609910
163990
11257681
7870844
1109691
5103228
10713347
4256541
9288952
7361007
6645411
6723649
4714562
1213171
336094
5866116
2301526
9677464
4669217
4842556
10610629
10568017
11598962
9074486
535207
11964065
4064449
3776701
1019369
5303012
1925945
7202680
9680517
965271
9337019
10401001
4468035
789632
4185665
5270995
11309046
2864655
9122564
5036005
2833662
7940846
5162595
